(288, 40, 15, 3, 0, 1, 1)
(289, 20, 8, 4, 1, 2, 0)
(290, 30, 8, 4, 2, 3, 1)
(294, 40, 15, 3, 6, 7, 1)
(295, 24, 12, 2, 7, 8, 1)
(296, 30, 12, 2, 8, 9, 0)
(299, 36, 15, 4, 0, 12, 1)
(300, 24, 15, 3, 1, 13, 1)
(301, 36, 12, 1, 2, 14, 1)
(302, 30, 15, 1, 3, 15, 1)
(305, 40, 8, 3, 6, 18, 1)
(306, 36, 12, 4, 7, 19, 1)
(307, 30, 12, 2, 8, 20, 1)
(308, 24, 15, 4, 9, 21, 1)
(310, 24, 10, 1, 12, 13, 1)
(311, 36, 8, 1, 13, 14, 1)
(312, 40, 10, 4, 14, 15, 1)
(316, 20, 8, 4, 18, 19, 1)
(317, 20, 12, 1, 19, 20, 1)
(318, 40, 15, 4, 20, 21, 1)
(319, 24, 10, 4, 21, 22, 1)
(321, 36, 8, 4, 12, 24, 1)
(322, 30, 10, 3, 13, 25, 1)
(323, 36, 8, 2, 14, 26, 1)
(324, 30, 12, 2, 15, 27, 1)
(327, 40, 10, 2, 18, 30, 1)
(328, 40, 10, 1, 19, 31, 0)
(329, 36, 10, 2, 20, 32, 1)
(330, 30, 8, 2, 21, 33, 1)
(331, 40, 8, 4, 22, 34, 1)
(332, 24, 10, 2, 24, 25, 1)
(333, 24, 10, 2, 25, 26, 1)
(334, 40, 10, 4, 26, 27, 1)
(335, 24, 12, 2, 27, 28, 1)
(336, 36, 12, 1, 28, 29, 1)
(337, 40, 15, 2, 29, 30, 1)
(338, 36, 10, 3, 30, 31, 1)
(339, 36, 8, 2, 31, 32, 1)
(340, 40, 12, 4, 32, 33, 1)
(341, 36, 15, 3, 33, 34, 1)
(342, 20, 15, 1, 34, 35, 0)
(343, 20, 10, 3, 24, 36, 1)
(344, 36, 10, 3, 25, 37, 1)
(345, 24, 12, 1, 26, 38, 1)
(346, 20, 15, 4, 27, 39, 1)
(347, 24, 8, 1, 28, 40, 1)
(348, 24, 12, 2, 29, 41, 1)
(350, 40, 8, 3, 31, 43, 1)
(351, 40, 12, 3, 32, 44, 1)
(352, 24, 8, 2, 33, 45, 1)
(353, 40, 8, 4, 34, 46, 1)
(354, 36, 12, 4, 36, 37, 1)
(355, 36, 8, 3, 37, 38, 1)
(356, 30, 10, 3, 38, 39, 1)
(357, 40, 8, 2, 39, 40, 1)
(358, 36, 12, 3, 40, 41, 1)
(361, 20, 10, 3, 43, 44, 1)
(362, 30, 8, 3, 44, 45, 1)
(363, 40, 10, 2, 45, 46, 1)
(364, 40, 15, 4, 46, 47, 1)
(365, 36, 12, 4, 36, 48, 1)
(367, 36, 8, 3, 38, 50, 1)
(368, 40, 15, 2, 39, 51, 1)
(369, 30, 15, 2, 40, 52, 1)
(370, 30, 10, 4, 41, 53, 1)
(372, 20, 10, 4, 43, 55, 0)
(373, 40, 8, 2, 44, 56, 1)
(374, 20, 15, 3, 45, 57, 1)
(375, 30, 10, 4, 46, 58, 1)
(376, 40, 12, 3, 48, 49, 1)
(377, 20, 12, 3, 49, 50, 1)
(378, 30, 10, 4, 50, 51, 1)
(379, 36, 8, 1, 51, 52, 1)
(380, 36, 12, 3, 52, 53, 1)
(381, 24, 15, 3, 53, 54, 1)
(382, 36, 15, 3, 54, 55, 0)
(383, 40, 10, 3, 55, 56, 0)
(384, 24, 15, 3, 56, 57, 1)
(385, 36, 12, 4, 57, 58, 1)
(386, 36, 12, 4, 58, 59, 1)
(387, 40, 10, 3, 48, 60, 1)
(388, 40, 12, 2, 49, 61, 1)
(389, 36, 15, 3, 50, 62, 1)
(390, 36, 8, 3, 51, 63, 1)
(392, 40, 15, 2, 53, 65, 1)
(393, 36, 15, 1, 54, 66, 1)
(394, 40, 10, 1, 55, 67, 0)
(396, 36, 12, 4, 57, 69, 1)
(397, 20, 12, 4, 58, 70, 1)
(398, 30, 15, 3, 60, 61, 1)
(399, 40, 15, 2, 61, 62, 1)
(400, 24, 12, 3, 62, 63, 1)
(403, 20, 12, 2, 65, 66, 1)
(404, 40, 12, 4, 66, 67, 1)
(405, 30, 10, 4, 67, 68, 1)
(406, 36, 10, 1, 68, 69, 1)
(407, 30, 15, 3, 69, 70, 1)
(409, 20, 12, 1, 60, 72, 1)
(410, 30, 15, 3, 61, 73, 1)
(411, 40, 8, 3, 62, 74, 1)
(412, 40, 12, 2, 63, 75, 1)
(414, 24, 15, 2, 65, 77, 0)
(415, 30, 8, 4, 66, 78, 1)
(416, 40, 12, 1, 67, 79, 1)
(417, 36, 15, 1, 68, 80, 1)
(419, 20, 8, 1, 70, 82, 1)
(420, 36, 12, 1, 72, 73, 1)
(421, 30, 10, 2, 73, 74, 1)
(422, 40, 8, 2, 74, 75, 1)
(423, 20, 8, 4, 75, 76, 1)
(424, 24, 12, 4, 76, 77, 0)
(426, 30, 12, 4, 78, 79, 1)
(427, 40, 15, 3, 79, 80, 1)
(428, 24, 12, 4, 80, 81, 1)
(429, 40, 8, 3, 81, 82, 1)
(431, 30, 8, 3, 72, 84, 1)
(432, 30, 12, 2, 73, 85, 0)
(434, 30, 15, 4, 75, 87, 1)
(435, 24, 8, 1, 76, 88, 1)
(436, 30, 12, 3, 77, 89, 1)
(437, 30, 15, 3, 78, 90, 0)
(438, 40, 10, 1, 79, 91, 1)
(439, 30, 10, 1, 80, 92, 1)
(440, 24, 10, 1, 81, 93, 1)
(441, 20, 15, 2, 82, 94, 1)
(442, 24, 10, 4, 84, 85, 1)
(443, 40, 8, 2, 85, 86, 1)
(444, 30, 15, 2, 86, 87, 1)
(445, 36, 10, 3, 87, 88, 1)
(446, 20, 10, 4, 88, 89, 1)
(447, 30, 15, 2, 89, 90, 1)
(448, 30, 15, 4, 90, 91, 1)
(449, 40, 10, 4, 91, 92, 1)
(450, 40, 8, 4, 92, 93, 0)
(451, 40, 12, 1, 93, 94, 1)
(452, 36, 15, 3, 94, 95, 1)
(453, 24, 10, 2, 84, 96, 0)
(454, 40, 8, 2, 85, 97, 1)
(455, 30, 10, 4, 86, 98, 1)
(456, 30, 15, 3, 87, 99, 0)
(457, 20, 15, 3, 88, 100, 1)
(458, 20, 15, 4, 89, 101, 1)
(459, 36, 10, 3, 90, 102, 1)
(461, 20, 12, 4, 92, 104, 1)
(462, 40, 8, 1, 93, 105, 1)
(463, 24, 12, 1, 94, 106, 1)
(464, 30, 8, 2, 96, 97, 1)
(465, 20, 8, 2, 97, 98, 1)
(466, 36, 8, 2, 98, 99, 1)
(467, 20, 15, 1, 99, 100, 1)
(468, 30, 12, 2, 100, 101, 1)
(469, 30, 10, 1, 101, 102, 0)
(472, 20, 15, 1, 104, 105, 1)
(473, 40, 8, 1, 105, 106, 1)
(474, 36, 8, 3, 106, 107, 0)
(475, 40, 10, 4, 96, 108, 0)
(476, 36, 12, 4, 97, 109, 1)
(477, 40, 10, 3, 98, 110, 1)
(478, 20, 15, 4, 99, 111, 1)
(479, 40, 12, 2, 100, 112, 1)
(480, 40, 10, 1, 101, 113, 1)
(483, 40, 15, 2, 104, 116, 1)
(484, 30, 8, 1, 105, 117, 1)
(485, 40, 10, 1, 106, 118, 1)
(486, 24, 15, 4, 108, 109, 1)
(487, 30, 8, 2, 109, 110, 1)
(488, 24, 15, 4, 110, 111, 1)
(489, 40, 10, 2, 111, 112, 1)
(490, 24, 12, 1, 112, 113, 1)
(494, 30, 8, 1, 116, 117, 1)
(495, 20, 10, 3, 117, 118, 1)
(496, 36, 12, 1, 118, 119, 1)
(499, 20, 8, 2, 110, 122, 1)
(500, 40, 8, 3, 111, 123, 1)
(501, 20, 15, 3, 112, 124, 1)
(502, 40, 12, 3, 113, 125, 0)
(505, 20, 12, 1, 116, 128, 1)
(506, 40, 12, 1, 117, 129, 1)
(507, 36, 10, 1, 118, 130, 1)
(510, 30, 8, 4, 122, 123, 1)
(511, 30, 8, 1, 123, 124, 1)
(512, 40, 10, 3, 124, 125, 1)
(513, 36, 8, 3, 125, 126, 1)
(514, 20, 15, 4, 126, 127, 1)
(515, 24, 10, 1, 127, 128, 1)
(516, 20, 8, 2, 128, 129, 1)
(517, 30, 8, 2, 129, 130, 1)
(518, 40, 12, 2, 130, 131, 0)
(521, 40, 15, 4, 122, 134, 1)
(522, 20, 15, 3, 123, 135, 1)
(523, 40, 15, 1, 124, 136, 1)
(524, 24, 8, 3, 125, 137, 1)
(525, 36, 12, 3, 126, 138, 0)
(526, 30, 10, 2, 127, 139, 1)
(527, 24, 8, 4, 128, 140, 1)
(528, 36, 15, 4, 129, 141, 1)
(529, 24, 15, 1, 130, 142, 1)
(532, 36, 10, 3, 134, 135, 1)
(533, 30, 8, 2, 135, 136, 1)
(534, 40, 15, 2, 136, 137, 1)
(535, 36, 8, 3, 137, 138, 1)
(536, 24, 15, 4, 138, 139, 1)
(537, 20, 10, 4, 139, 140, 1)
(538, 20, 15, 3, 140, 141, 1)
(539, 36, 8, 1, 141, 142, 1)
(540, 36, 8, 4, 142, 143, 1)
(543, 30, 8, 1, 35, 47, 1)
(544, 36, 12, 3, 47, 59, 1)
(548, 36, 15, 1, 95, 107, 1)
(549, 40, 8, 4, 107, 119, 1)
(550, 40, 10, 1, 119, 131, 1)
(551, 30, 8, 3, 131, 143, 1)