(4, -1, 292, 303, -1)
(5, -1, 293, 304, 292)
(6, -1, 294, 305, 293)
(7, -1, 295, 306, 294)
(8, -1, 296, 307, 295)
(9, -1, 297, 308, 296)
(10, -1, 298, -1, 297)
(11, -1, -1, 541, 298)
(15, -1, 313, 324, -1)
(16, 303, 314, 325, 313)
(17, 304, 315, 326, 314)
(18, 305, 316, 327, 315)
(19, 306, 317, 328, 316)
(20, 307, 318, 329, 317)
(21, 308, -1, 330, 318)
(23, 541, -1, 542, -1)
(27, 324, 335, 346, -1)
(28, 325, 336, 347, 335)
(29, 326, 337, -1, 336)
(30, 327, 338, 349, 337)
(31, 328, 339, 350, 338)
(32, 329, 340, 351, 339)
(33, 330, 341, 352, 340)
(34, -1, 342, 353, 341)
(35, 542, -1, 543, 342)
(39, 346, 357, 368, -1)
(40, 347, -1, 369, 357)
(42, 349, 360, 371, -1)
(43, 350, 361, 372, 360)
(44, 351, 362, -1, 361)
(45, 352, 363, 374, 362)
(46, 353, 364, 375, 363)
(47, 543, -1, 544, 364)
(49, -1, 377, 388, -1)
(50, -1, 378, 389, 377)
(51, 368, 379, 390, 378)
(52, 369, 380, 391, 379)
(53, -1, 381, 392, 380)
(54, 371, 382, 393, 381)
(55, 372, -1, 394, 382)
(57, 374, 385, 396, -1)
(58, 375, 386, 397, 385)
(59, 544, -1, 545, 386)
(60, -1, 398, 409, -1)
(61, 388, 399, 410, 398)
(62, 389, 400, 411, 399)
(63, 390, 401, 412, 400)
(64, 391, 402, 413, 401)
(65, 392, 403, 414, 402)
(66, 393, 404, 415, 403)
(67, 394, 405, 416, 404)
(68, -1, 406, 417, 405)
(69, 396, 407, 418, 406)
(70, 397, 408, 419, 407)
(71, 545, -1, 546, 408)
(72, 409, 420, 431, -1)
(73, 410, 421, 432, 420)
(74, 411, 422, 433, 421)
(75, 412, 423, 434, 422)
(76, 413, 424, -1, 423)
(77, 414, -1, 436, 424)
(78, 415, 426, 437, -1)
(79, 416, 427, 438, 426)
(80, 417, 428, 439, 427)
(81, 418, 429, 440, 428)
(82, 419, 430, 441, 429)
(83, 546, -1, 547, 430)
(84, 431, 442, 453, -1)
(85, 432, 443, 454, 442)
(86, 433, 444, 455, 443)
(87, 434, 445, 456, 444)
(88, -1, 446, 457, 445)
(89, 436, 447, 458, 446)
(90, 437, 448, 459, 447)
(91, 438, 449, 460, 448)
(92, 439, 450, 461, 449)
(93, 440, 451, 462, 450)
(94, 441, 452, 463, 451)
(95, 547, -1, 548, 452)
(96, 453, 464, 475, -1)
(97, 454, 465, 476, 464)
(98, 455, 466, 477, 465)
(99, 456, 467, 478, 466)
(100, 457, 468, 479, 467)
(101, 458, 469, 480, 468)
(102, 459, 470, 481, 469)
(103, 460, 471, 482, 470)
(104, 461, 472, 483, 471)
(105, 462, 473, -1, 472)
(106, 463, 474, -1, 473)
(107, 548, -1, -1, 474)
(108, 475, 486, 497, -1)
(109, 476, 487, 498, 486)
(110, 477, 488, 499, 487)
(111, 478, 489, 500, 488)
(112, 479, 490, 501, 489)
(113, 480, 491, 502, 490)
(114, 481, 492, 503, 491)
(115, 482, 493, 504, 492)
(116, 483, -1, 505, 493)
(120, 497, 508, -1, -1)
(121, 498, 509, 520, 508)
(122, 499, 510, 521, 509)
(123, 500, 511, 522, 510)
(124, 501, 512, 523, 511)
(125, 502, 513, 524, 512)
(126, 503, 514, 525, 513)
(127, 504, 515, 526, 514)
(128, 505, -1, 527, 515)
(133, 520, 531, -1, -1)
(134, 521, 532, -1, 531)
(135, 522, 533, -1, 532)
(136, 523, 534, -1, 533)
(137, 524, 535, -1, 534)
(138, 525, 536, -1, 535)
(139, 526, 537, -1, 536)
(140, 527, -1, -1, 537)